0 0.90234375 0.77578125 0.08828125 0.115625
0 0.28828125 0.85625 0.0515625 0.06171875
0 0.84765625 0.8625 0.11015625 0.09453125
0 0.7765625 0.75703125 0.1171875 0.109375
0 0.4578125 0.73828125 0.0546875 0.0546875
0 0.56640625 0.76484375 0.13984375 0.134375
0 0.13125 0.3859375 0.12109375 0.05625
0 0.53984375 0.9515625 0.059375 0.06015625
0 0.39140625 0.4140625 0.1453125 0.09453125
0 0.5921875 0.58359375 0.1734375 0.11484375
0 0.303125 0.95859375 0.08984375 0.08203125
0 0.121875 0.52734375 0.10546875 0.03203125
0 0.8796875 0.42265625 0.07265625 0.07421875
0 0.821875 0.171875 0.153125 0.12265625
0 0.1859375 0.13125 0.2046875 0.1125