0 0.1875 0.52890625 0.1515625 0.078125
0 0.80703125 0.815625 0.17109375 0.09609375
0 0.378125 0.77421875 0.10390625 0.05390625
0 0.12265625 0.80390625 0.0828125 0.05234375
0 0.1640625 0.3 0.190625 0.13828125
0 0.53125 0.93203125 0.11015625 0.1171875
0 0.16328125 0.1046875 0.121875 0.05234375
0 0.834375 0.209375 0.1765625 0.0703125
0 0.528125 0.7796875 0.12109375 0.05
0 0.6578125 0.33203125 0.14140625 0.05078125
0 0.83515625 0.52109375 0.11953125 0.034375
0 0.1171875 0.953125 0.08359375 0.04453125