0 0.88515625 0.36328125 0.07265625 0.05
0 0.3140625 0.07265625 0.04765625 0.0625
0 0.3953125 0.4359375 0.11171875 0.08125
0 0.8734375 0.4765625 0.0828125 0.025
0 0.59609375 0.39296875 0.121875 0.02734375
0 0.5328125 0.790625 0.134375 0.1125
0 0.16171875 0.4140625 0.1234375 0.03046875
0 0.48984375 0.09375 0.1265625 0.0703125
0 0.8703125 0.10234375 0.07265625 0.0171875
0 0.33125 0.77265625 0.09140625 0.05078125
0 0.54296875 0.55390625 0.084375 0.02265625
0 0.88984375 0.771875 0.08046875 0.0328125
0 0.69921875 0.78046875 0.07890625 0.0515625
0 0.8640625 0.5765625 0.04609375 0.02578125