0 0.534375 0.475 0.10546875 0.04296875
0 0.84921875 0.50625 0.14140625 0.0875
0 0.84609375 0.78984375 0.14921875 0.09921875
0 0.3609375 0.490625 0.12890625 0.05703125
0 0.15234375 0.75546875 0.10703125 0.046875
0 0.69140625 0.26015625 0.1265625 0.05703125
0 0.42109375 0.86796875 0.12109375 0.02890625
0 0.5640625 0.775 0.07578125 0.040625
0 0.865625 0.1390625 0.0984375 0.03359375
0 0.1546875 0.1234375 0.0890625 0.034375
0 0.45390625 0.7234375 0.08515625 0.053125
0 0.6046875 0.03359375 0.0625 0.053125
0 0.3078125 0.05625 0.07734375 0.04296875
0 0.33046875 0.2078125 0.07421875 0.03359375