0 0.634375 0.24140625 0.1421875 0.1
0 0.55390625 0.95234375 0.07109375 0.07890625
0 0.19453125 0.1515625 0.184375 0.0921875
0 0.83828125 0.17578125 0.1703125 0.05859375
0 0.8453125 0.47734375 0.13359375 0.0890625
0 0.64140625 0.48359375 0.14296875 0.075
0 0.39140625 0.80390625 0.13984375 0.10703125
0 0.57265625 0.7765625 0.11015625 0.090625
0 0.4 0.4640625 0.12421875 0.09296875
0 0.5609375 0.0375 0.10703125 0.06171875
0 0.18828125 0.88984375 0.1765625 0.0703125
0 0.3921875 0.0375 0.07109375 0.05703125
0 0.23828125 0.42734375 0.0671875 0.03359375
0 0.65234375 0.6265625 0.0953125 0.0703125
0 0.3875 0.77265625 0.121875 0.03515625