0 0.62578125 0.14296875 0.11953125 0.1046875
0 0.459375 0.3109375 0.10078125 0.0671875
0 0.1765625 0.8453125 0.11640625 0.05546875
0 0.83828125 0.80546875 0.15859375 0.06796875
0 0.1421875 0.30859375 0.13515625 0.0625
0 0.13984375 0.1203125 0.11015625 0.03984375
0 0.85625 0.13515625 0.13359375 0.040625
0 0.85859375 0.56875 0.03671875 0.01171875
0 0.55703125 0.5421875 0.06484375 0.05078125
0 0.14296875 0.540625 0.096875 0.025
0 0.890625 0.50234375 0.0375 0.0328125
0 0.48359375 0.07890625 0.06640625 0.0296875