0 0.365625 0.15859375 0.14765625 0.11484375
0 0.1609375 0.60234375 0.14296875 0.103125
0 0.54609375 0.18359375 0.06328125 0.09296875
0 0.85859375 0.86484375 0.128125 0.05703125
0 0.8359375 0.16484375 0.0578125 0.0703125
0 0.44453125 0.575 0.103125 0.040625
0 0.54609375 0.83828125 0.0890625 0.02578125
0 0.49765625 0.946875 0.11484375 0.0359375
0 0.134375 0.3921875 0.065625 0.01171875
0 0.89140625 0.55546875 0.04609375 0.01171875
0 0.8875 0.70703125 0.0609375 0.0265625
0 0.19296875 0.08984375 0.04765625 0.02890625
0 0.06796875 0.2421875 0.0265625 0.01875