0 0.50625 0.078125 0.29375 0.05234375
0 0.165625 0.465625 0.1859375 0.065625
0 0.1640625 0.628125 0.1453125 0.08125
0 0.13046875 0.934375 0.109375 0.06484375
0 0.1453125 0.7296875 0.08671875 0.03359375
0 0.87265625 0.89609375 0.12578125 0.08359375
0 0.42109375 0.9171875 0.0953125 0.07265625
0 0.54765625 0.88125 0.096875 0.04921875
0 0.87421875 0.703125 0.1078125 0.065625
0 0.8765625 0.56640625 0.109375 0.078125
0 0.87578125 0.45 0.11171875 0.05078125
0 0.1359375 0.83828125 0.065625 0.0203125
0 0.33046875 0.43359375 0.115625 0.07109375
0 0.1453125 0.54765625 0.03671875 0.0171875