0 0.18359375 0.11328125 0.15234375 0.0765625
0 0.35859375 0.096875 0.1421875 0.07578125
0 0.875 0.06875 0.15234375 0.08984375
0 0.58359375 0.090625 0.134375 0.08984375
0 0.86875 0.77265625 0.09921875 0.10546875
0 0.73828125 0.8484375 0.11953125 0.0921875
0 0.846875 0.3765625 0.140625 0.1140625
0 0.21953125 0.76875 0.103125 0.04375
0 0.58125 0.590625 0.115625 0.07734375
0 0.82734375 0.615625 0.25 0.090625
0 0.234375 0.59453125 0.0859375 0.03984375
0 0.53125 0.359375 0.0484375 0.0859375
0 0.71171875 0.33046875 0.07265625 0.03515625