0 0.82734375 0.1296875 0.11484375 0.10859375
0 0.5078125 0.2703125 0.1359375 0.07734375
0 0.3140625 0.16171875 0.11171875 0.090625
0 0.19140625 0.53046875 0.1859375 0.0765625
0 0.8015625 0.49921875 0.19765625 0.0921875
0 0.46953125 0.68828125 0.07109375 0.05859375
0 0.57265625 0.67265625 0.12578125 0.07890625
0 0.84296875 0.6734375 0.11484375 0.078125
0 0.484375 0.8140625 0.1296875 0.08828125
0 0.13125 0.82265625 0.0453125 0.04140625
0 0.86171875 0.81171875 0.10390625 0.07890625
0 0.65234375 0.27109375 0.05859375 0.0359375
0 0.42421875 0.10703125 0.0375 0.0265625