0 0.16328125 0.08984375 0.15078125 0.08515625
0 0.30625 0.0828125 0.1171875 0.05390625
0 0.6578125 0.0890625 0.16015625 0.115625
0 0.48125 0.09296875 0.15390625 0.103125
0 0.13203125 0.26953125 0.09453125 0.0890625
0 0.89296875 0.43671875 0.153125 0.11328125
0 0.39609375 0.740625 0.1484375 0.0796875
0 0.190625 0.75 0.1015625 0.025
0 0.5578125 0.74140625 0.09296875 0.03125
0 0.84609375 0.94453125 0.078125 0.02421875
0 0.29375 0.80390625 0.04921875 0.0328125
0 0.40546875 0.81015625 0.05390625 0.04609375