0 0.40703125 0.14140625 0.16796875 0.10078125
0 0.79453125 0.4109375 0.2109375 0.165625
0 0.88046875 0.62109375 0.0890625 0.0671875
0 0.74453125 0.6609375 0.1296875 0.0703125
0 0.5078125 0.6625 0.1375 0.0859375
0 0.346875 0.63359375 0.12265625 0.1125
0 0.103125 0.6328125 0.109375 0.12578125
0 0.14375 0.35625 0.13515625 0.109375
0 0.09375 0.13984375 0.1015625 0.034375
0 0.85703125 0.1453125 0.15078125 0.0453125
0 0.34296875 0.76796875 0.10078125 0.0515625
0 0.48828125 0.90078125 0.0734375 0.10078125