0 0.84609375 0.696875 0.05859375 0.03359375
0 0.1890625 0.5375 0.13046875 0.1
0 0.42578125 0.5046875 0.14453125 0.04921875
0 0.24375 0.703125 0.13828125 0.0671875
0 0.4296875 0.83515625 0.1421875 0.03203125
0 0.5046875 0.7015625 0.1109375 0.04921875
0 0.18125 0.1421875 0.12109375 0.09765625
0 0.63828125 0.5078125 0.08984375 0.03046875
0 0.1421875 0.26796875 0.140625 0.06640625
0 0.45078125 0.1171875 0.1484375 0.04921875
0 0.84140625 0.4875 0.10078125 0.0453125
0 0.728125 0.10859375 0.13046875 0.03515625
0 0.7515625 0.54609375 0.09765625 0.0296875