0 0.50546875 0.6859375 0.128125 0.053125
0 0.69453125 0.67890625 0.1515625 0.084375
0 0.17421875 0.91796875 0.13984375 0.08203125
0 0.22421875 0.68828125 0.1515625 0.0734375
0 0.14453125 0.2234375 0.1328125 0.08515625
0 0.86015625 0.47265625 0.103125 0.075
0 0.871875 0.671875 0.0734375 0.0640625
0 0.13359375 0.08984375 0.15859375 0.06953125
0 0.8546875 0.08046875 0.0890625 0.05546875
0 0.8484375 0.20859375 0.1234375 0.07734375
0 0.10546875 0.4453125 0.06171875 0.0203125
0 0.271875 0.3109375 0.125 0.0453125
0 0.859375 0.925 0.04921875 0.0234375