0 0.3359375 0.1796875 0.1859375 0.08828125
0 0.81171875 0.15 0.084375 0.07734375
0 0.88515625 0.08125 0.065625 0.021875
0 0.88984375 0.6171875 0.18984375 0.1140625
0 0.7671875 0.7234375 0.140625 0.08515625
0 0.18515625 0.64921875 0.17109375 0.16640625
0 0.1796875 0.9453125 0.04609375 0.01953125
0 0.19140625 0.8796875 0.03515625 0.0203125
0 0.23125 0.86640625 0.0390625 0.02734375
0 0.2671875 0.9125 0.0640625 0.04375
0 0.4625 0.89765625 0.10546875 0.071875
0 0.58515625 0.884375 0.103125 0.09765625
0 0.72109375 0.9203125 0.0359375 0.01640625