0 0.66953125 0.08359375 0.06875 0.0671875
0 0.2671875 0.58359375 0.0765625 0.0546875
0 0.29453125 0.07421875 0.2359375 0.10859375
0 0.11640625 0.3390625 0.1546875 0.08046875
0 0.79765625 0.33828125 0.13359375 0.11328125
0 0.396875 0.58359375 0.12890625 0.09765625
0 0.12890625 0.625 0.16328125 0.09921875
0 0.1296875 0.8828125 0.15859375 0.05625
0 0.5640625 0.38359375 0.09921875 0.053125
0 0.82265625 0.7625 0.121875 0.13359375
0 0.825 0.5875 0.13046875 0.0671875
0 0.08046875 0.17578125 0.07734375 0.0515625
0 0.41328125 0.32109375 0.0953125 0.04296875
0 0.6765625 0.40859375 0.07890625 0.0484375
0 0.08515625 0.22265625 0.1046875 0.03359375
0 0.821875 0.7171875 0.1015625 0.03984375