0 0.546875 0.88125 0.0890625 0.04921875
0 0.68125 0.525 0.07734375 0.05078125
0 0.8984375 0.77734375 0.06640625 0.0390625
0 0.77421875 0.51484375 0.0953125 0.05
0 0.58671875 0.1765625 0.140625 0.09453125
0 0.15390625 0.57578125 0.11796875 0.05390625
0 0.16328125 0.80859375 0.15234375 0.109375
0 0.42421875 0.78515625 0.08828125 0.05234375
0 0.540625 0.5125 0.11640625 0.0734375
0 0.39921875 0.15859375 0.13984375 0.1109375
0 0.90703125 0.52421875 0.1046875 0.09453125
0 0.40234375 0.36171875 0.09921875 0.0734375
0 0.90390625 0.18359375 0.12578125 0.0359375
0 0.1609375 0.3328125 0.12265625 0.0546875