0 0.234375 0.58515625 0.26875 0.0453125
0 0.73984375 0.546875 0.1296875 0.0984375
0 0.76875 0.3578125 0.15 0.06484375
0 0.42578125 0.38359375 0.09375 0.0265625
0 0.49140625 0.1140625 0.08671875 0.053125
0 0.26171875 0.30625 0.1046875 0.05078125
0 0.76640625 0.1171875 0.12265625 0.02890625
0 0.1734375 0.90859375 0.10546875 0.06484375
0 0.3515625 0.91328125 0.12265625 0.06484375
0 0.275 0.234375 0.08671875 0.05
0 0.53359375 0.38046875 0.05703125 0.03828125
0 0.25625 0.3921875 0.115625 0.02578125
0 0.69765625 0.71171875 0.31015625 0.08203125
0 0.12578125 0.13125 0.11015625 0.01328125