0 0.66015625 0.92578125 0.04453125 0.02890625
0 0.38671875 0.10546875 0.103125 0.090625
0 0.5171875 0.1015625 0.10859375 0.0828125
0 0.09609375 0.1328125 0.096875 0.0890625
0 0.51875 0.60625 0.1625 0.08671875
0 0.828125 0.6109375 0.11328125 0.084375
0 0.23671875 0.109375 0.1015625 0.05625
0 0.403125 0.72578125 0.12109375 0.06796875
0 0.65859375 0.11875 0.0703125 0.06640625
0 0.85 0.10703125 0.07734375 0.03125
0 0.74375 0.409375 0.1203125 0.040625
0 0.19375 0.6203125 0.08046875 0.01953125
0 0.725 0.07265625 0.04375 0.0140625
0 0.83046875 0.7625 0.1453125 0.09140625