0 0.475 0.85078125 0.11796875 0.0703125
0 0.1484375 0.60078125 0.11953125 0.07265625
0 0.43515625 0.69453125 0.0875 0.08515625
0 0.12578125 0.728125 0.07578125 0.04375
0 0.309375 0.38046875 0.1046875 0.11015625
0 0.2625 0.8125 0.07421875 0.04140625
0 0.2171875 0.13359375 0.159375 0.14453125
0 0.846875 0.4140625 0.1015625 0.034375
0 0.14296875 0.9125 0.0765625 0.0421875
0 0.14609375 0.40546875 0.07265625 0.05546875
0 0.88515625 0.15625 0.128125 0.0703125
0 0.93515625 0.3421875 0.0546875 0.03515625
0 0.8921875 0.621875 0.075 0.03828125
0 0.14375 0.49296875 0.075 0.05390625
0 0.5015625 0.5875 0.0890625 0.0375