0 0.1 0.07734375 0.14296875 0.0390625
0 0.59453125 0.08125 0.096875 0.04296875
0 0.4375 0.08828125 0.134375 0.1
0 0.67890625 0.13046875 0.0671875 0.053125
0 0.7859375 0.09453125 0.065625 0.06640625
0 0.8734375 0.08046875 0.0890625 0.05078125
0 0.10078125 0.378125 0.17421875 0.12421875
0 0.2765625 0.35390625 0.13984375 0.0609375
0 0.6171875 0.35390625 0.15703125 0.0890625
0 0.8015625 0.35859375 0.15546875 0.10625
0 0.10234375 0.5671875 0.15234375 0.071875
0 0.8328125 0.7203125 0.0609375 0.02265625
0 0.32578125 0.721875 0.17265625 0.07578125
0 0.49921875 0.721875 0.08828125 0.08828125
0 0.11171875 0.71171875 0.06875 0.06953125
0 0.4359375 0.0515625 0.11796875 0.01640625
0 0.665625 0.70234375 0.065625 0.034375