0 0.73984375 0.13359375 0.18515625 0.0890625
0 0.4375 0.1109375 0.1421875 0.06953125
0 0.140625 0.125 0.1671875 0.08203125
0 0.76328125 0.4640625 0.165625 0.109375
0 0.36953125 0.4734375 0.1984375 0.1140625
0 0.7453125 0.83203125 0.13984375 0.06328125
0 0.25625 0.840625 0.14140625 0.0828125
0 0.4296875 0.76640625 0.12734375 0.09921875
0 0.04140625 0.44765625 0.053125 0.0671875
0 0.23828125 0.72265625 0.08671875 0.0390625
0 0.83671875 0.73671875 0.0984375 0.03125
0 0.20859375 0.44765625 0.0640625 0.03359375
0 0.20078125 0.5265625 0.07421875 0.06640625