0 0.8296875 0.41640625 0.05078125 0.05078125
0 0.5 0.3546875 0.125 0.05703125
0 0.56953125 0.10546875 0.065625 0.03359375
0 0.64140625 0.33984375 0.1 0.03671875
0 0.14765625 0.1265625 0.11171875 0.07109375
0 0.89453125 0.12578125 0.1265625 0.053125
0 0.8765625 0.34296875 0.05546875 0.0515625
0 0.58359375 0.7875 0.13125 0.06640625
0 0.56953125 0.584375 0.09296875 0.04375
0 0.39453125 0.140625 0.10625 0.0578125
0 0.51640625 0.178125 0.07578125 0.0671875
0 0.85546875 0.584375 0.115625 0.06328125
0 0.85625 0.7875 0.096875 0.0453125
0 0.38671875 0.621875 0.12109375 0.06796875
0 0.15390625 0.36171875 0.04921875 0.015625
0 0.82890625 0.40078125 0.03046875 0.0125
0 0.87578125 0.32578125 0.0390625 0.01484375