0 0.90390625 0.14921875 0.06796875 0.0296875
0 0.49609375 0.13046875 0.053125 0.02109375
0 0.44609375 0.24296875 0.06796875 0.02734375
0 0.80625 0.41875 0.05234375 0.040625
0 0.91328125 0.43671875 0.06171875 0.0140625
0 0.6546875 0.140625 0.1671875 0.07109375
0 0.5015625 0.45390625 0.13125 0.08984375
0 0.66328125 0.43984375 0.0859375 0.06953125
0 0.3578125 0.528125 0.06328125 0.03828125
0 0.20703125 0.85 0.12890625 0.07421875
0 0.3625 0.515625 0.05 0.0109375
0 0.2671875 0.71484375 0.1921875 0.1390625
0 0.80703125 0.728125 0.17578125 0.14609375
0 0.49921875 0.69453125 0.15625 0.07421875