0 0.7640625 0.06953125 0.1203125 0.09375
0 0.90546875 0.09296875 0.08984375 0.11171875
0 0.58125 0.09921875 0.10859375 0.11171875
0 0.1828125 0.11484375 0.15859375 0.07109375
0 0.2828125 0.9125 0.09296875 0.07890625
0 0.6609375 0.65859375 0.15078125 0.07109375
0 0.87109375 0.45390625 0.1375 0.065625
0 0.21171875 0.63046875 0.16484375 0.0890625
0 0.14453125 0.44453125 0.12578125 0.071875
0 0.43203125 0.69453125 0.11484375 0.06171875
0 0.70234375 0.41171875 0.04140625 0.02734375
0 0.0984375 0.221875 0.0625 0.02109375
0 0.5953125 0.2875 0.04453125 0.021875
0 0.928125 0.215625 0.03671875 0.009375
0 0.18359375 0.0859375 0.125 0.01328125
0 0.92890625 0.22265625 0.040625 0.025