0 0.4984375 0.41953125 0.12109375 0.109375
0 0.81015625 0.409375 0.1671875 0.08515625
0 0.10859375 0.41484375 0.14140625 0.0890625
0 0.2953125 0.41328125 0.125 0.09375
0 0.8046875 0.884375 0.1921875 0.09296875
0 0.8140625 0.728125 0.153125 0.06796875
0 0.13515625 0.7140625 0.1828125 0.0828125
0 0.13046875 0.08515625 0.2046875 0.09140625
0 0.65 0.07578125 0.11015625 0.078125
0 0.646875 0.40859375 0.08984375 0.0515625
0 0.4953125 0.08125 0.103125 0.06015625
0 0.15234375 0.29140625 0.11640625 0.04140625
0 0.12421875 0.8078125 0.115625 0.0515625
0 0.10546875 0.90703125 0.1578125 0.0515625
0 0.096875 0.209375 0.16328125 0.0703125