0 0.50859375 0.11796875 0.1125 0.06015625
0 0.8140625 0.1125 0.10390625 0.053125
0 0.14921875 0.25234375 0.11015625 0.04765625
0 0.1578125 0.4984375 0.1078125 0.04921875
0 0.39609375 0.69765625 0.1 0.040625
0 0.715625 0.43203125 0.078125 0.0640625
0 0.59140625 0.6828125 0.1046875 0.0390625
0 0.31015625 0.81015625 0.1171875 0.0625
0 0.803125 0.7125 0.0703125 0.0796875
0 0.546875 0.4921875 0.04921875 0.0203125
0 0.6765625 0.665625 0.0453125 0.02109375
0 0.8578125 0.65390625 0.0515625 0.0171875
0 0.8015625 0.37421875 0.0578125 0.03125
0 0.66015625 0.08515625 0.0328125 0.02265625