0 0.53515625 0.0984375 0.06875 0.02734375
0 0.56484375 0.23828125 0.0484375 0.03359375
0 0.13515625 0.3078125 0.0625 0.02265625
0 0.1859375 0.24296875 0.040625 0.0171875
0 0.3953125 0.26796875 0.0765625 0.040625
0 0.2953125 0.2859375 0.0375 0.0171875
0 0.31171875 0.23515625 0.03515625 0.0171875
0 0.67890625 0.453125 0.090625 0.06015625
0 0.3828125 0.43828125 0.06796875 0.04921875
0 0.83203125 0.81328125 0.15234375 0.0625
0 0.5375 0.509375 0.11015625 0.07265625
0 0.28203125 0.46328125 0.10703125 0.07421875
0 0.2171875 0.8546875 0.13046875 0.07265625
0 0.534375 0.08984375 0.02890625 0.01015625
0 0.1828125 0.23828125 0.02421875 0.0078125
0 0.29609375 0.28046875 0.0203125 0.00703125
0 0.56484375 0.2265625 0.0328125 0.009375
0 0.31484375 0.23046875 0.015625 0.00703125